4294967279,425
4294967278,278
4294967278,277
4294967278,132
4294967278,129
4294967278,128
4294967278,127
4294967278,126
4294967278,124
4294967278,123
4294967278,122
4294967278,121
4294967278,119
4294967278,118
4294967278,117
4294967278,115
4294967278,114
4294967278,113
4294967278,111
4294967278,110
4294967278,109
4294967278,108
4294967278,107
4294967278,106
4294967278,104
4294967278,103
4294967278,102
4294967278,100
4294967278,99
4294967278,97
4294967278,96
4294967278,94
4294967278,93
4294967278,92
4294967278,91
4294967278,90
4294967278,89
4294967278,87
4294967278,86
4294967278,85
4294967278,84
4294967278,83
4294967278,82
4294967278,81
4294967278,80
4294967278,79
4294967278,78
4294967278,77
4294967278,76
4294967278,75
4294967278,74
4294967278,73
4294967278,72
4294967278,71
4294967278,70
4294967278,69
4294967278,68
4294967278,67
4294967278,66
4294967278,65
4294967278,64
4294967278,63
4294967278,62
4294967278,61
4294967278,60
4294967278,54
4294967278,53
4294967278,52
4294967278,50
4294967278,49
4294967278,48
4294967278,47
4294967278,46
4294967278,44
4294967278,43
4294967278,42
4294967278,41
4294967278,40
4294967278,39
4294967278,38
4294967278,37
4294967278,36
4294967278,35
4294967278,34
4294967278,33
4294967278,32
4294967278,31
4294967278,30
4294967278,29
4294967278,28
4294967278,27
4294967278,26
4294967278,25
4294967278,24
4294967279,46
4294967279,44
4294967279,43
4294967279,41
4294967279,38
4294967279,34
4294967279,33
4294967279,29
4294967279,28
4294967279,27
4294967279,22
4294967279,21
4294967279,19
4294967279,18
4294967279,17
4294967279,16
4294967279,12
4294967279,11
4294967279,10
4294967279,5
4294967279,4
4294967294,81
4294967294,12
4294967294,11
177,4
177,3
177,2
177,1
176,4
176,3
176,2
176,1
4294967279,460
175,6
175,5
175,4
175,3
175,2
175,1
174,5
174,4
174,3
174,2
174,1
4294967278,298
4294967278,297
4294967278,394
173,5
173,4
173,3
173,2
173,1
4294967278,161
4294967278,160
4294967278,159
172,6
4294967279,160
172,5
4294967278,158
172,4
4294967279,159
172,3
172,2
172,1
4294967279,156
4294967279,157
4294967279,437
171,6
4294967279,153
171,5
171,4
171,3
171,2
171,1
4294967279,150
4294967279,148
170,6
170,5
170,4
4294967279,146
170,3
170,2
170,1
4294967278,174
4294967278,59
4294967278,58
4294967278,57
4294967278,56
4294967278,55
4294967278,51
4294967278,45
4294967279,45
4294967279,42
4294967279,40
4294967279,39
4294967279,37
4294967279,36
4294967279,35
4294967279,32
4294967279,31
4294967279,435
4294967278,393
4294967279,30
4294967279,434
4294967279,25
4294967278,377
4294967294,22
4294967279,276
4294967279,133
169,4
4294967279,290
169,3
169,2
169,1
4294967279,274
4294967278,273
4294967279,272
168,4
4294967279,271
168,3
168,2
168,1
4294967279,269
4294967279,268
167,6
4294967279,266
167,5
167,4
4294967279,265
167,3
167,2
167,1
4294967279,433
4294967279,285
4294967279,432
4294967278,382
4294967279,261
166,5
166,4
166,3
166,2
166,1
4294967279,258
4294967279,398
4294967278,381
4294967279,431
165,5
165,4
165,3
165,2
165,1
4294967279,394
4294967278,255
4294967279,429
164,6
164,5
164,4
164,3
164,2
164,1
4294967278,249
163,6
163,5
163,4
163,3
163,2
163,1
162,6
162,5
162,4
162,3
162,2
162,1
4294967278,209
4294967278,208
4294967278,207
4294967294,438
155,4
155,3
155,2
155,1
4294967278,336
4294967294,983
4294967294,970
4294967294,114
4294967278,304
4294967278,303
4294967279,26
4294967279,24
4294967279,23
4294967278,364
4294967279,384
4294967279,319
4294967278,131
4294967278,130
4294967278,125
4294967278,120
4294967278,116
4294967279,0
4294967279,20
4294967279,15
4294967279,14
4294967279,13
4294967279,9
4294967279,8
4294967279,7
4294967279,6
153,4
153,3
153,2
153,1
152,4
152,3
152,2
152,1
151,6
151,5
151,4
151,3
151,2
151,1
4294967278,323
150,5
150,4
150,2
150,1
4294967279,312
4294967278,320
4294967279,402
149,5
149,4
149,2
149,1
4294967278,318
4294967279,134
4294967278,274
148,6
148,5
148,4
148,2
148,1
147,6
147,5
147,4
147,2
147,1
4294967278,392
4294967278,0
4294967278,383
4294967279,263
146,6
146,5
146,4
146,2
146,1
4294967279,259
4294967294,5
4294967294,388
145,6
145,5
145,4
4294967279,430
145,3
145,2
145,1
4294967278,254
4294967278,253
4294967278,252
144,6
144,5
4294967278,250
144,4
144,3
144,2
144,1
4294967278,248
4294967294,393
4294967294,1038
4294967278,246
4294967278,244
143,6
143,5
4294967278,242
143,4
4294967279,242
143,3
143,2
143,1
4294967278,240
4294967294,36
4294967294,39
4294967294,41
4294967294,391
4294967294,455
4294967294,42
4294967278,112
4294967278,238
4294967278,237
142,5
142,4
4294967278,236
142,3
142,2
142,1
4294967278,235
4294967294,182
4294967294,1032
4294967294,982
4294967294,1024
4294967278,234
4294967294,83
4294967294,53
4294967294,417
4294967294,82
4294967278,232
141,5
4294967278,230
141,4
141,3
141,2
141,1
4294967279,229
4294967278,228
4294967294,92
4294967294,91
4294967294,88
4294967294,86
4294967294,85
4294967294,99
4294967294,1420
4294967294,107
4294967278,226
4294967278,224
140,6
140,5
4294967278,222
140,4
140,3
140,2
140,1
4294967278,220
4294967278,218
4294967278,216
139,4
139,3
139,2
139,1
4294967279,215
4294967278,214
4294967278,213
4294967278,212
138,4
138,3
138,2
138,1
4294967279,306
4294967278,211
4294967278,210
4294967294,469
4294967294,0
4294967278,342
4294967279,392
4294967278,391
4294967278,369
4294967279,416
4294967294,46
4294967279,427
4294967278,332
4294967294,2
4294967279,426
4294967278,105
4294967278,101
4294967278,98
4294967278,95
4294967279,389
4294967279,302
4294967278,335
4294967279,385
4294967279,428
4294967294,1035
137,4
137,3
137,2
137,1
4294967279,424
4294967279,423
136,4
136,3
136,2
136,1
4294967279,420
4294967278,363
4294967279,408
135,6
135,5
135,4
135,3
135,2
135,1
4294967294,89
4294967279,459
4294967279,458
4294967294,426
4294967278,362
4294967279,407
134,5
134,4
134,2
134,1
4294967279,318
4294967278,390
133,5
133,4
133,2
133,1
132,6
132,5
132,4
